 0 -3.396e+06 0 0 0 0 0 90 90 0 1 0 0 0
 0 -3.396e+06 0 0 0.371467 0 0 90 90 0 1 0 0 0
 0 -3.396e+06 0 0 0.742934 0 0 90 90 0 1 0 0 0
 0 -3.396e+06 0 0 1.1144 0 0 90 90 0 1 0 0 0
 0 -3.396e+06 0 0 1.48586 0 0 90 90 0 1 0 0 0
 0 -3.396e+06 0 0 1.85732 0 0 90 90 0 1 0 0 0
 0 -3.396e+06 0 0 2.22876 0 0 90 90 0 1 0 0 0
 0 -3.396e+06 0 0 2.60021 0 0 90 90 0.1 1 0 0 0
 0 -3.396e+06 0 0 2.91559 0 0 90 90 0.1 0.99995 0 0 0
 0 -3.396e+06 0 0 3.23095 0 0 90 90 0.1 0.9999 0 0 0
 0 -3.396e+06 0 0 3.54631 0 0 90 90 0 0.99985 0 0 0
 0 -3.396e+06 0 0 3.91771 0 0 90 90 0 0.99985 0 0 0
 0 -3.396e+06 0 0 4.2891 0 0 90 90 0 0.99985 0 0 0
 0 -3.396e+06 0 0 4.66047 0 0 90 90 0 0.99985 1 0 0
 0 -3.396e+06 0 0 5.03033 0 0 90 90 0 0.99985 1 0 0
 0 -3.396e+06 0 0 5.39993 0 0 90 90 0 0.99985 1 0 0
 0 -3.396e+06 0 0 5.76924 0 0 90 90 0 0.99985 1 0 0
 0 -3.39599e+06 0 0 6.13825 0 0 90 90 0.1 0.99985 1 0 0
 0 -3.39599e+06 0 0 6.45088 0 0 90 90 0.1 0.9998 1 0 0
 0 -3.39599e+06 0 0 6.76322 0 0 90 90 0.1 0.99975 1 0 0
 0 -3.39599e+06 0 0 7.07524 0 0 90 90 0.1 0.9997 1 0 0
 0 -3.39599e+06 0 0 7.38695 0 0 90 90 0 0.99965 1 0 0
 0 -3.39599e+06 0 0 7.75439 0 0 90 90 0 0.99965 1 0 0
 0 -3.39599e+06 0 0 8.12141 0 0 90 90 0 0.99965 1 0 0
 0 -3.39599e+06 0 0 8.488 0 0 90 90 0 0.99965 1 0 0
 0 -3.39599e+06 0 0 8.85414 0 0 90 90 0 0.99965 1 0 0
 0 -3.39599e+06 0 0 9.21982 0 0 90 90 0 0.99965 1 0 0
 0 -3.39599e+06 0 0 9.585 0 0 90 90 0 0.99965 1 0 0
 0 -3.39599e+06 0 0 9.94967 0 0 90 90 0 0.99965 1 0 0
 0 -3.39598e+06 0 0 10.3138 0 0 90 90 0 0.99965 1 0 0
 0 -3.39598e+06 0 0 10.6774 0 0 90 90 0 0.99965 1 0 0
 0 -3.39598e+06 0 0 11.0405 0 0 90 90 0 0.99965 1 0 0
 0 -3.39598e+06 0 0 11.4029 0 0 90 90 0 0.99965 1 0 0
 0 -3.39598e+06 0 0 11.7648 0 0 90 90 0 0.99965 1 0 0
 0 -3.39598e+06 0 0 12.126 0 0 90 90 0 0.99965 1 0 0
 0 -3.39598e+06 0 0 12.4866 0 0 90 90 0 0.99965 1 0 0
 0 -3.39598e+06 0 0 12.8465 0 0 90 90 0 0.99965 1 0 0
 0 -3.39597e+06 0 0 13.2058 0 0 90 90 0 0.99965 1 0 0
 0 -3.39597e+06 0 0 13.5643 0 0 90 90 0 0.99965 1 0 0
 0 -3.39597e+06 0 0 13.9222 0 0 90 90 0.1 0.99965 1 0 0
 0 -3.39597e+06 0 0 14.2232 0 0 90 90 0.1 0.9996 1 0 0
 0 -3.39597e+06 0 0 14.5236 0 0 90 90 0.1 0.99955 1 0 0
 0 -3.39597e+06 0 0 14.8234 0 0 90 90 0.1 0.9995 1 0 0
 0 -3.39597e+06 0 0 15.1225 0 0 90 90 0.1 0.99945 1 0 0
 0 -3.39596e+06 0 0 15.421 0 0 90 90 0.1 0.9994 1 0 0
 0 -3.39596e+06 0 0 15.7188 0 0 90 90 0.1 0.99935 1 0 0
 0 -3.39596e+06 0 0 16.0159 0 0 90 90 0.1 0.9993 1 0 0
 0 -3.39596e+06 0 0 16.3122 0 0 90 90 0.1 0.99925 1 0 0
 0 -3.39596e+06 0 0 16.6079 0 0 90 90 0.1 0.9992 1 0 0
 0 -3.39596e+06 0 0 16.9029 0 0 90 90 0.1 0.99915 1 0 0
 0 -3.39595e+06 0 0 17.1971 0 0 90 90 0.1 0.9991 1 0 0
 0 -3.39595e+06 0 0 17.4905 0 0 90 90 0.1 0.99905 1 0 0
 0 -3.39595e+06 0 0 17.7832 0 0 90 90 0.2 0.999 1 0 0
 0 -3.39595e+06 0 0 18.0191 0 0 90 90 0.2 0.9989 1 0 0
 0 -3.39595e+06 0 0 18.2543 0 0 90 90 0.2 0.9988 1 0 0
 0 -3.39595e+06 0 0 18.4888 0 0 90 90 0.3 0.9987 1 0 0
